best testtensor(0.7661)   发生在第tensor(6)epoch
Best val<built-in method max of Tensor object at 0x0000024AF57EAAE8>  发生在第tensor(20)对应的test acctensor(0.7661)

验证集准确率
tensor([0.8499, 0.9417, 0.9218, 0.9119, 0.9169, 0.9467, 0.9181, 0.9429, 0.9342,
        0.9169, 0.9094, 0.9243, 0.9504, 0.9218, 0.9392, 0.9293, 0.9467, 0.9504,
        0.9256, 0.9566, 0.9442, 0.9305, 0.9355, 0.9442, 0.9467, 0.9479, 0.9479,
        0.9541, 0.9529, 0.9504])测试集准确率
tensor([0.5967, 0.7588, 0.7021, 0.6519, 0.7061, 0.7661, 0.7080, 0.7495, 0.7007,
        0.6172, 0.6143, 0.6460, 0.7544, 0.6704, 0.7388, 0.6826, 0.7305, 0.7422,
        0.6650, 0.7661, 0.7554, 0.6855, 0.7510, 0.7441, 0.7451, 0.7593, 0.7480,
        0.7622, 0.7632, 0.7466])