Best val 0.952381, corresponding test(验证集最好时的测试结果) 0.776877 验证集最好的best epoch: 28- best test: 0.795222, 测试集最好的best epoch: 15
验证准确率
 tensor([0.8829, 0.8687, 0.9048, 0.9318, 0.9138, 0.9215, 0.9228, 0.8842, 0.9151,
        0.9266, 0.9215, 0.9318, 0.9176, 0.9434, 0.9318, 0.9318, 0.9356, 0.9305,
        0.9485, 0.9369, 0.9228, 0.9356, 0.9292, 0.9434, 0.9498, 0.9472, 0.9511,
        0.9524, 0.9511, 0.9511]) 


测试准确率
 tensor([0.7189, 0.6510, 0.7355, 0.7402, 0.7317, 0.7329, 0.6924, 0.7474, 0.7346,
        0.7146, 0.7598, 0.7846, 0.7402, 0.7351, 0.7952, 0.7496, 0.7445, 0.7317,
        0.7846, 0.7837, 0.7504, 0.7833, 0.7398, 0.7628, 0.7671, 0.7807, 0.7726,
        0.7769, 0.7841, 0.7854])