Best val 0.943061, corresponding test(验证集最好时的测试结果) 0.920359 - best test: 0.934731, 验证集最好的best epoch: 24, 测试集最好的best epoch: 28
验证准确率
 tensor([0.8577, 0.8387, 0.8837, 0.8980, 0.9122, 0.9158, 0.9075, 0.8980, 0.9241,
        0.9193, 0.9039, 0.9075, 0.9205, 0.9075, 0.9312, 0.9265, 0.9241, 0.9324,
        0.9027, 0.9027, 0.9134, 0.9253, 0.9087, 0.9371, 0.9431, 0.9383, 0.9407,
        0.9395, 0.9395, 0.9395]) 


测试准确率
 tensor([0.8814, 0.8401, 0.8934, 0.9174, 0.9150, 0.8916, 0.8958, 0.8898, 0.8952,
        0.8808, 0.9024, 0.8754, 0.8886, 0.9072, 0.9024, 0.9066, 0.9120, 0.8982,
        0.8934, 0.8491, 0.8940, 0.8928, 0.9108, 0.9186, 0.9204, 0.9257, 0.9216,
        0.9246, 0.9347, 0.9329])