Best val 0.957792, corresponding test(验证集最好时的测试结果) 0.81293 验证集最好的best epoch: 28- best test: 0.824892, 测试集最好的best epoch: 30
验证准确率
 tensor([0.8782, 0.9140, 0.9205, 0.8994, 0.9205, 0.9188, 0.9156, 0.9188, 0.8977,
        0.9286, 0.9399, 0.9367, 0.9269, 0.9318, 0.9383, 0.8815, 0.9448, 0.9302,
        0.9205, 0.9010, 0.9253, 0.9188, 0.9269, 0.9448, 0.9513, 0.9432, 0.9513,
        0.9578, 0.9513, 0.9513]) 


测试准确率
 tensor([0.6297, 0.6658, 0.7343, 0.7905, 0.7923, 0.7959, 0.7562, 0.7793, 0.7819,
        0.7618, 0.7564, 0.7811, 0.7625, 0.8216, 0.7587, 0.7630, 0.8055, 0.8007,
        0.7745, 0.7595, 0.7730, 0.8190, 0.7903, 0.7999, 0.8094, 0.8106, 0.8180,
        0.8129, 0.8155, 0.8249])