Best val 0.959057, corresponding test(验证集最好时的测试结果) 0.758301 验证集最好的best epoch: 15- best test: 0.78418, 测试集最好的best epoch: 29
验证准确率
 tensor([0.8784, 0.9107, 0.9330, 0.9367, 0.9417, 0.9318, 0.9380, 0.9119, 0.9305,
        0.9132, 0.9417, 0.9132, 0.9516, 0.9479, 0.9591, 0.9417, 0.9355, 0.9305,
        0.9467, 0.9529, 0.9591, 0.9293, 0.9280, 0.9516, 0.9491, 0.9529, 0.9529,
        0.9504, 0.9529, 0.9541]) 


测试准确率
 tensor([0.6675, 0.6846, 0.6753, 0.6641, 0.7290, 0.7051, 0.6646, 0.6147, 0.6899,
        0.6421, 0.7061, 0.6045, 0.7417, 0.7085, 0.7583, 0.6387, 0.6650, 0.6733,
        0.7300, 0.7598, 0.7490, 0.6685, 0.7642, 0.7720, 0.7739, 0.7773, 0.7651,
        0.7739, 0.7842, 0.7725])