best testtensor(0.7863)   发生在第tensor(12)epoch
Best val<built-in method max of Tensor object at 0x000001AF25929DB8>  发生在第tensor(26)对应的test acctensor(0.7863)

验证集准确率
tensor([0.8752, 0.8996, 0.9009, 0.9254, 0.9305, 0.9356, 0.9189, 0.9112, 0.9434,
        0.9292, 0.9254, 0.9202, 0.9228, 0.9228, 0.9202, 0.9356, 0.9266, 0.9434,
        0.9254, 0.9228, 0.9408, 0.9408, 0.9395, 0.9524, 0.9562, 0.9575, 0.9575,
        0.9575, 0.9537, 0.9562])测试集准确率
tensor([0.7317, 0.6770, 0.7496, 0.7363, 0.6950, 0.7304, 0.6681, 0.7270, 0.7206,
        0.7568, 0.7410, 0.7863, 0.7278, 0.7479, 0.7509, 0.7265, 0.7526, 0.6950,
        0.7385, 0.7214, 0.7747, 0.7577, 0.7756, 0.7820, 0.7739, 0.7863, 0.7782,
        0.7794, 0.7718, 0.7837])