best testtensor(0.9228)   发生在第tensor(29)epoch
Best val<built-in method max of Tensor object at 0x000002D721E94098>  发生在第tensor(25)对应的test acctensor(0.9072)

验证集准确率
tensor([0.8624, 0.8387, 0.8944, 0.9336, 0.9087, 0.9205, 0.9181, 0.8956, 0.9193,
        0.9075, 0.9181, 0.9051, 0.9098, 0.9265, 0.9193, 0.9015, 0.9241, 0.9371,
        0.9229, 0.9253, 0.9265, 0.9051, 0.9110, 0.9371, 0.9419, 0.9359, 0.9407,
        0.9371, 0.9407, 0.9383])测试集准确率
tensor([0.8635, 0.8198, 0.8880, 0.8886, 0.9102, 0.8808, 0.8916, 0.8713, 0.8988,
        0.8766, 0.9126, 0.8874, 0.8928, 0.8964, 0.9132, 0.9054, 0.9126, 0.9066,
        0.8323, 0.8814, 0.9174, 0.8808, 0.8659, 0.9030, 0.9072, 0.9102, 0.9108,
        0.9174, 0.9228, 0.9198])