best testtensor(0.9293)   发生在第tensor(29)epoch
Best val<built-in method max of Tensor object at 0x000001F248BDEC78>  发生在第tensor(30)对应的test acctensor(0.9263)

验证集准确率
tensor([0.8921, 0.8624, 0.8837, 0.9004, 0.8921, 0.9217, 0.9193, 0.9063, 0.9193,
        0.9229, 0.9193, 0.9265, 0.9431, 0.9229, 0.9359, 0.9253, 0.9312, 0.9193,
        0.9146, 0.9158, 0.9276, 0.9288, 0.9146, 0.9407, 0.9431, 0.9419, 0.9407,
        0.9419, 0.9419, 0.9442])
测试集准确率
tensor([0.8862, 0.8216, 0.9042, 0.8850, 0.8892, 0.9150, 0.8790, 0.9162, 0.8778,
        0.9054, 0.8934, 0.9186, 0.8772, 0.8952, 0.9078, 0.9006, 0.9000, 0.9000,
        0.8677, 0.8850, 0.9018, 0.8916, 0.8934, 0.9234, 0.9216, 0.9240, 0.9251,
        0.9228, 0.9293, 0.9263])