best testtensor(0.9210)   发生在第tensor(29)epoch
Best val<built-in method max of Tensor object at 0x0000021CFCF6EC78>  发生在第tensor(30)对应的test acctensor(0.9186)

验证集准确率
tensor([0.8944, 0.8541, 0.8956, 0.9241, 0.9146, 0.9158, 0.9181, 0.9276, 0.9300,
        0.9039, 0.9217, 0.9039, 0.9241, 0.9288, 0.9122, 0.9146, 0.9336, 0.9122,
        0.9075, 0.9253, 0.9265, 0.9087, 0.8743, 0.9312, 0.9336, 0.9359, 0.9336,
        0.9348, 0.9348, 0.9383])
测试集准确率
tensor([0.8844, 0.8509, 0.8844, 0.8922, 0.8982, 0.8934, 0.8814, 0.9126, 0.9072,
        0.8533, 0.8952, 0.8737, 0.8796, 0.8629, 0.9054, 0.8784, 0.9048, 0.8880,
        0.8772, 0.9012, 0.8862, 0.8647, 0.8784, 0.9000, 0.9054, 0.9060, 0.9078,
        0.9120, 0.9210, 0.9186])