best testtensor(0.9269)   发生在第tensor(29)epoch
Best val<built-in method max of Tensor object at 0x0000028CB7E4DC78>  发生在第tensor(26)对应的test acctensor(0.9210)

验证集准确率
tensor([0.8493, 0.8458, 0.9063, 0.9359, 0.9229, 0.9217, 0.9265, 0.9205, 0.9027,
        0.9241, 0.9098, 0.9229, 0.9039, 0.9193, 0.9134, 0.9098, 0.9098, 0.9253,
        0.9241, 0.9229, 0.8849, 0.9276, 0.9371, 0.9454, 0.9442, 0.9502, 0.9442,
        0.9502, 0.9442, 0.9442])
测试集准确率
tensor([0.8988, 0.8425, 0.8940, 0.8994, 0.9150, 0.8575, 0.8898, 0.8850, 0.8934,
        0.8844, 0.8784, 0.8802, 0.8970, 0.8934, 0.8862, 0.8623, 0.8970, 0.8491,
        0.8419, 0.8964, 0.8365, 0.8778, 0.9084, 0.9144, 0.9126, 0.9210, 0.9174,
        0.9192, 0.9269, 0.9251])